0 0.185546875 0.3192035222457627 0.193359375 0.3003343485169492 0.1953125 0.2814651747881356 0.19140625 0.193409030720339 0.1796875 0.1462360963983051 0.1572265625 0.10692531779661017 0.1357421875 0.0943458686440678 0.1044921875 0.0943458686440678 0.0830078125 0.10692531779661017 0.05078125 0.1462360963983051 0.048828125 0.1902641684322034 0.056640625 0.24372682733050846 0.0615234375 0.2515889830508475 0.1220703125 0.2767478813559322 0.1787109375 0.3207759533898305
0 0.18359375 0.6148205773305084 0.1953125 0.5833719544491526 0.1953125 0.5424887447033898 0.1796875 0.4575774629237288 0.1630859375 0.4277012711864407 0.1396484375 0.4088320974576271 0.1064453125 0.4088320974576271 0.0546875 0.4387082891949153 0.05078125 0.517329846398305 0.0615234375 0.5660752118644068 0.0751953125 0.5755097987288136 0.1337890625 0.5912341101694916 0.1748046875 0.6163930084745762
0 0.341796875 0.3349278336864407 0.34375 0.3254932468220339 0.322265625 0.2846100370762712 0.330078125 0.2688857256355932 0.3359375 0.20913334216101695 0.3525390625 0.185546875 0.3828125 0.1745398569915254 0.375 0.1493809586864407 0.3544921875 0.11321504237288135 0.3291015625 0.0943458686440678 0.3017578125 0.0912010063559322 0.2666015625 0.10692531779661017 0.248046875 0.1336566472457627 0.2421875 0.15567068326271186 0.2421875 0.20598847987288135 0.25 0.2374371027542373 0.2685546875 0.2578787076271186 0.2763671875 0.2578787076271186 0.2900390625 0.2798927436440678 0.3115234375 0.2830376059322034 0.3203125 0.3066240730932203
0 0.494140625 0.2846100370762712 0.5009765625 0.2798927436440678 0.5078125 0.262596001059322 0.509765625 0.21856792902542374 0.5185546875 0.1886917372881356 0.5322265625 0.185546875 0.5498046875 0.20441604872881355 0.5791015625 0.20127118644067796 0.580078125 0.193409030720339 0.55859375 0.16510527012711865 0.54296875 0.12736692266949154 0.5302734375 0.11007018008474577 0.5087890625 0.0943458686440678 0.4833984375 0.0912010063559322 0.4580078125 0.10378045550847458 0.44140625 0.12422206038135593 0.427734375 0.15881554555084745 0.423828125 0.20913334216101695 0.427734375 0.24372682733050846 0.4326171875 0.2515889830508475 0.4794921875 0.2830376059322034
0 0.3359375 0.6682832362288136 0.337890625 0.6557037870762712 0.326171875 0.617965439618644 0.32421875 0.595951403601695 0.333984375 0.5833719544491526 0.345703125 0.5141849841101694 0.3544921875 0.5063228283898306 0.392578125 0.4984606726694915 0.37109375 0.4418531514830508 0.3486328125 0.4151218220338983 0.3388671875 0.4088320974576271 0.2880859375 0.4119769597457627 0.2626953125 0.4339909957627119 0.2421875 0.4670120497881356 0.248046875 0.5078952595338984 0.24609375 0.548778469279661 0.2666015625 0.5817995233050848 0.2978515625 0.5943789724576272 0.3115234375 0.610103283898305 0.330078125 0.6682832362288136
0 0.560546875 0.6399794756355932 0.560546875 0.6211103019067796 0.568359375 0.5928065413135594 0.5625 0.564502780720339 0.5517578125 0.556640625 0.5361328125 0.5660752118644068 0.5166015625 0.5503509004237288 0.509765625 0.5393438824152542 0.509765625 0.5110401218220338 0.5146484375 0.5000331038135594 0.5458984375 0.4843087923728814 0.5517578125 0.4748742055084746 0.5771484375 0.4748742055084746 0.5908203125 0.4654396186440678 0.59375 0.4607223252118644 0.5888671875 0.4528601694915254 0.5634765625 0.4465704449152542 0.5380859375 0.4245564088983051 0.5029296875 0.4056872351694915 0.4658203125 0.4151218220338983 0.431640625 0.4449980137711864 0.42578125 0.4858812235169492 0.4306640625 0.5629303495762712 0.4619140625 0.5849443855932204 0.5029296875 0.6006686970338984 0.5517578125 0.641551906779661
0 0.71875 0.6557037870762712 0.71875 0.5424887447033898 0.76953125 0.5204747086864406 0.759765625 0.4670120497881356 0.7353515625 0.4245564088983051 0.7119140625 0.4088320974576271 0.6748046875 0.4088320974576271 0.6474609375 0.4245564088983051 0.626953125 0.4733017743644068 0.626953125 0.5267644332627118 0.6455078125 0.5660752118644068 0.6748046875 0.6006686970338984 0.6865234375 0.610103283898305 0.7060546875 0.6069584216101694 0.7109375 0.6525589247881356
0 0.654296875 0.2248576536016949 0.658203125 0.2217127913135593 0.66015625 0.20284361758474576 0.6669921875 0.1949814618644068 0.7041015625 0.1918365995762712 0.7197265625 0.19812632415254236 0.7353515625 0.185546875 0.7724609375 0.1792571504237288 0.7734375 0.17139499470338984 0.7578125 0.15567068326271186 0.751953125 0.1305117849576271 0.7412109375 0.11321504237288135 0.7255859375 0.10063559322033898 0.7001953125 0.0912010063559322 0.6669921875 0.0943458686440678 0.6455078125 0.11007018008474577 0.634765625 0.12736692266949154 0.625 0.16510527012711865 0.625 0.193409030720339 0.62890625 0.21227820444915255 0.6435546875 0.2264300847457627
0 0.9453125 0.2908997616525424 0.95703125 0.262596001059322 0.95703125 0.21227820444915255 0.939453125 0.1368015095338983 0.9248046875 0.11007018008474577 0.9013671875 0.0943458686440678 0.8779296875 0.0912010063559322 0.8447265625 0.10378045550847458 0.818359375 0.12422206038135593 0.8125 0.1902641684322034 0.818359375 0.2248576536016949 0.8271484375 0.24529925847457626 0.8974609375 0.2641684322033898 0.9404296875 0.2924721927966102
0 0.888671875 0.6242551641949152 0.888671875 0.5770822298728814 0.896484375 0.564502780720339 0.904296875 0.5361990201271186 0.900390625 0.5204747086864406 0.9189453125 0.5000331038135594 0.9443359375 0.4968882415254237 0.947265625 0.4890260858050847 0.9453125 0.4764466366525424 0.935546875 0.4449980137711864 0.9248046875 0.4277012711864407 0.9091796875 0.4151218220338983 0.8837890625 0.4056872351694915 0.8447265625 0.4119769597457627 0.8291015625 0.4277012711864407 0.814453125 0.4544326006355932 0.814453125 0.5267644332627118 0.8310546875 0.5660752118644068 0.8388671875 0.572364936440678 0.8603515625 0.5692200741525424 0.8681640625 0.5755097987288136 0.880859375 0.6211103019067796
0 0.90234375 0.9607554290254238 0.904296875 0.9418862552966102 0.8984375 0.919872219279661 0.912109375 0.9010030455508474 0.91015625 0.8318160752118644 0.9306640625 0.8019398834745762 0.9521484375 0.795650158898305 0.955078125 0.781498278601695 0.94140625 0.750049655720339 0.9228515625 0.7296080508474576 0.8935546875 0.7201734639830508 0.8623046875 0.7233183262711864 0.8349609375 0.7421875 0.82421875 0.7626291048728814 0.818359375 0.7940777277542372 0.818359375 0.8381057997881356 0.82421875 0.8632646980932204 0.8408203125 0.8899960275423728 0.8857421875 0.9182997881355932 0.892578125 0.9576105667372882
0 0.50390625 0.9639002913135594 0.50390625 0.9324516684322034 0.51171875 0.9230170815677966 0.509765625 0.904147907838983 0.52734375 0.8601198358050848 0.57421875 0.8443955243644068 0.576171875 0.8223814883474576 0.5703125 0.7909328654661016 0.5498046875 0.7484772245762712 0.5263671875 0.726463188559322 0.4931640625 0.7201734639830508 0.4521484375 0.7296080508474576 0.4453125 0.7374702065677966 0.447265625 0.750049655720339 0.431640625 0.7626291048728814 0.42578125 0.803512314618644 0.4453125 0.8569749735169492 0.494140625 0.919872219279661 0.49609375 0.9576105667372882
0 0.328125 0.9607554290254238 0.337890625 0.9324516684322034 0.3359375 0.8821338718220338 0.3388671875 0.874271716101695 0.3447265625 0.8899960275423728 0.3662109375 0.9025754766949152 0.3759765625 0.9025754766949152 0.37890625 0.8947133209745762 0.380859375 0.8223814883474576 0.375 0.7877880031779662 0.3671875 0.7626291048728814 0.3525390625 0.7390426377118644 0.3369140625 0.726463188559322 0.3037109375 0.7201734639830508 0.2763671875 0.7296080508474576 0.2626953125 0.7421875 0.2421875 0.7846431408898306 0.2421875 0.8412506620762712 0.25 0.866409560381356 0.2607421875 0.8837063029661016 0.2822265625 0.8931408898305084 0.318359375 0.9481759798728814 0.3212890625 0.9623278601694916
0 0.142578125 0.951320842161017 0.142578125 0.9261619438559322 0.150390625 0.9167273569915254 0.158203125 0.8412506620762712 0.1806640625 0.8302436440677966 0.1875 0.819236626059322 0.1796875 0.7783534163135594 0.1650390625 0.7484772245762712 0.1376953125 0.7233183262711864 0.0947265625 0.7233183262711864 0.0693359375 0.7390426377118644 0.056640625 0.7563393802966102 0.052734375 0.7783534163135594 0.048828125 0.819236626059322 0.052734375 0.8538301112288136 0.1123046875 0.9214446504237288 0.1318359375 0.9245895127118644 0.13671875 0.951320842161017
0 0.763671875 0.9324516684322034 0.76953125 0.9230170815677966 0.7734375 0.9010030455508474 0.771484375 0.8223814883474576 0.759765625 0.7720636917372882 0.7451171875 0.7453323622881356 0.7294921875 0.7296080508474576 0.6962890625 0.7201734639830508 0.6611328125 0.7327529131355932 0.638671875 0.7594842425847458 0.62890625 0.7909328654661016 0.625 0.8286712129237288 0.6416015625 0.8868511652542372 0.6943359375 0.896285752118644 0.7548828125 0.9340240995762712